2 0.0618805 0.487552 0.0794334 0.100021 0.851685
2 0.46455 0.531554 0.0562462 0.172187 0.817806
2 0.22526 0.442757 0.0464076 0.104792 0.655139
2 0.0618805 0.487552 0.0794334 0.100021 0.851685
2 0.46455 0.531554 0.0562462 0.172187 0.817806
2 0.22526 0.442757 0.0464076 0.104792 0.655139
2 0.0618805 0.487552 0.0794334 0.100021 0.851685
2 0.46455 0.531554 0.0562462 0.172187 0.817806
2 0.22526 0.442757 0.0464076 0.104792 0.655139
2 0.46425 0.530053 0.0592755 0.175159 0.56533
2 0.46425 0.530053 0.0592755 0.175159 0.56533
