2 0.812502 0.553577 0.372469 0.146908 0.972095
4 0.308256 0.699814 0.20318 0.181112 0.962011
6 0.304962 0.583181 0.215418 0.255378 0.950597
2 0.24213 0.491804 0.115921 0.0659078 0.936607
6 0.561206 0.524886 0.103584 0.107284 0.936208
4 0.564595 0.571342 0.1046 0.0729712 0.931402
2 0.415866 0.47495 0.0434564 0.0188765 0.895253
6 0.308059 0.475779 0.036001 0.0317524 0.836131
2 0.674489 0.511416 0.161195 0.0844732 0.768035
6 0.164313 0.466695 0.0134188 0.0158089 0.280931
2 0.553155 0.478471 0.128461 0.0623246 0.272268
