6 0.244854 0.514394 0.15309 0.298704 0.93868
2 0.118266 0.42714 0.110814 0.0334814 0.917739
2 0.588819 0.416301 0.0807736 0.0269834 0.90077
2 0.0168081 0.431123 0.0335097 0.0273314 0.891904
4 0.450278 0.42189 0.04646 0.0222977 0.886425
4 0.636243 0.420535 0.0479523 0.0226757 0.865233
6 0.636719 0.413022 0.0218758 0.0306269 0.855273
2 0.747472 0.403585 0.0398949 0.0173521 0.821871
6 0.450132 0.41544 0.0192184 0.0288023 0.783675
2 0.868372 0.407193 0.0473821 0.0158052 0.763401
4 0.16332 0.62453 0.32664 0.308187 0.640224
2 0.77683 0.409482 0.0392352 0.0180057 0.619842
0 0.16321 0.623894 0.326066 0.308161 0.544325
6 0.244854 0.514394 0.15309 0.298704 0.93868
2 0.118266 0.42714 0.110814 0.0334814 0.917739
2 0.588819 0.416301 0.0807736 0.0269834 0.90077
2 0.0168081 0.431123 0.0335097 0.0273314 0.891904
4 0.450278 0.42189 0.04646 0.0222977 0.886425
4 0.636243 0.420535 0.0479523 0.0226757 0.865233
6 0.636719 0.413022 0.0218758 0.0306269 0.855273
2 0.747472 0.403585 0.0398949 0.0173521 0.821871
6 0.450132 0.41544 0.0192184 0.0288023 0.783675
2 0.868372 0.407193 0.0473821 0.0158052 0.763401
4 0.16332 0.62453 0.32664 0.308187 0.640224
2 0.77683 0.409482 0.0392352 0.0180057 0.619842
0 0.16321 0.623894 0.326066 0.308161 0.544325
6 0.244854 0.514394 0.15309 0.298704 0.93868
2 0.118266 0.42714 0.110814 0.0334814 0.917739
2 0.588819 0.416301 0.0807736 0.0269834 0.90077
2 0.0168081 0.431123 0.0335097 0.0273314 0.891904
4 0.450278 0.42189 0.04646 0.0222977 0.886425
4 0.636243 0.420535 0.0479523 0.0226757 0.865233
6 0.636719 0.413022 0.0218758 0.0306269 0.855273
2 0.747472 0.403585 0.0398949 0.0173521 0.821871
6 0.450132 0.41544 0.0192184 0.0288023 0.783675
2 0.868372 0.407193 0.0473821 0.0158052 0.763401
4 0.16332 0.62453 0.32664 0.308187 0.640224
2 0.77683 0.409482 0.0392352 0.0180057 0.619842
0 0.16321 0.623894 0.326066 0.308161 0.544325
