2 0.38241 0.389261 0.171324 0.100061 0.961334
4 0.266126 0.686964 0.288993 0.295994 0.958449
6 0.265363 0.512198 0.463122 0.495008 0.957028
4 0.838046 0.385918 0.16219 0.0838774 0.936255
4 0.778223 0.383544 0.124994 0.080718 0.931739
6 0.101977 0.389846 0.124743 0.171719 0.920147
6 0.01815 0.36883 0.0338451 0.0761418 0.859538
4 0.013896 0.396847 0.0265385 0.0469342 0.801108
6 0.6473 0.37029 0.049744 0.0895865 0.723622
6 0.554849 0.366581 0.031535 0.0715996 0.705317
6 0.81765 0.358229 0.0427989 0.0327391 0.634106
6 0.101604 0.360126 0.124927 0.112197 0.361358
