2 0.679498 0.581637 0.264931 0.118414 0.963304
4 0.0470045 0.621531 0.0927776 0.100498 0.929841
6 0.214907 0.570596 0.0702537 0.0752108 0.928801
2 0.559344 0.56327 0.0964988 0.0723955 0.926074
6 0.0509926 0.590005 0.092966 0.107283 0.915527
4 0.210779 0.591004 0.0625469 0.0611223 0.909878
2 0.517456 0.559501 0.0898013 0.0642161 0.906817
6 0.134183 0.562221 0.0498186 0.0525284 0.894721
4 0.268874 0.563024 0.0287023 0.0281639 0.88782
7 0.69985 0.402972 0.0589167 0.239905 0.883408
2 0.368932 0.541135 0.0595883 0.023772 0.875932
2 0.435082 0.546302 0.0784239 0.0393452 0.871998
4 0.142676 0.574588 0.0673815 0.0350946 0.862839
2 0.470949 0.55531 0.0516961 0.0475039 0.860351
7 0.530013 0.485883 0.0395048 0.0829418 0.85204
6 0.269754 0.552022 0.0318542 0.0392378 0.846928
7 0.503591 0.498847 0.0265904 0.0617329 0.846244
6 0.0937133 0.554587 0.0282472 0.0448705 0.834828
2 0.457068 0.550266 0.0635988 0.0418624 0.783969
7 0.380467 0.502629 0.0145864 0.0531786 0.754739
7 0.446589 0.491541 0.0134767 0.0677715 0.730996
2 0.323175 0.535641 0.051388 0.0192117 0.700698
7 0.340629 0.504253 0.0115221 0.0427514 0.635428
2 0.837793 0.642685 0.322772 0.211611 0.634635
3 0.606508 0.435974 0.0128705 0.177012 0.520935
7 0.28737 0.510079 0.0111704 0.0343649 0.502459
7 0.311648 0.504317 0.0114566 0.0365189 0.431397
7 0.814768 0.415985 0.102007 0.24988 0.392367
7 0.416615 0.479931 0.0126811 0.0532307 0.316856
