9 0.889803 0.805643 0.220393 0.388715 0.950616
9 0.579856 0.545105 0.0632963 0.161912 0.93654
9 0.74257 0.722377 0.247754 0.540517 0.904728
10 0.224802 0.611043 0.449604 0.335233 0.884688
9 0.0170396 0.751499 0.0340792 0.369501 0.730792
10 0.623485 0.509089 0.0884184 0.121323 0.487095
9 0.891112 0.808367 0.217776 0.383266 0.95301
9 0.742857 0.7249 0.245494 0.534723 0.92001
9 0.579635 0.543584 0.0620433 0.164414 0.907446
10 0.221973 0.611067 0.443384 0.320689 0.857051
9 0.0165363 0.755412 0.0330726 0.379343 0.771939
40 0.5307 0.458913 0.0366016 0.125771 0.443489
