28 0.240319 0.810672 0.214223 0.201796 0.959371
9 0.51033 0.760283 0.0712975 0.0926364 0.946057
21 0.568683 0.75756 0.0357468 0.0757772 0.917869
10 0.848237 0.87125 0.302746 0.246434 0.875359
29 0.66749 0.755164 0.020436 0.0699614 0.714159
6 0.834276 0.672605 0.171578 0.274747 0.691145
21 0.408717 0.761089 0.0227146 0.0696497 0.671312
29 0.610428 0.751874 0.0198067 0.0710034 0.380788
40 0.485282 0.682766 0.03951 0.0446001 0.311553
28 0.240319 0.810672 0.214223 0.201796 0.959371
9 0.51033 0.760283 0.0712975 0.0926364 0.946057
21 0.568683 0.75756 0.0357468 0.0757772 0.917869
10 0.848237 0.87125 0.302746 0.246434 0.875359
29 0.66749 0.755164 0.020436 0.0699614 0.714159
6 0.834276 0.672605 0.171578 0.274747 0.691145
21 0.408717 0.761089 0.0227146 0.0696497 0.671312
29 0.610428 0.751874 0.0198067 0.0710034 0.380788
40 0.485282 0.682766 0.03951 0.0446001 0.311553
28 0.240319 0.810672 0.214223 0.201796 0.959371
9 0.51033 0.760283 0.0712975 0.0926364 0.946057
21 0.568683 0.75756 0.0357468 0.0757772 0.917869
10 0.848237 0.87125 0.302746 0.246434 0.875359
29 0.66749 0.755164 0.020436 0.0699614 0.714159
6 0.834276 0.672605 0.171578 0.274747 0.691145
21 0.408717 0.761089 0.0227146 0.0696497 0.671312
29 0.610428 0.751874 0.0198067 0.0710034 0.380788
40 0.485282 0.682766 0.03951 0.0446001 0.311553
