28 0.227584 0.80946 0.186382 0.200782 0.951884
9 0.510365 0.76014 0.0708909 0.0923453 0.9473
21 0.568548 0.757694 0.0357817 0.0758705 0.917127
10 0.847927 0.870587 0.302484 0.244646 0.808464
6 0.834391 0.672332 0.171583 0.275032 0.74543
21 0.408641 0.76049 0.023442 0.0710651 0.732843
29 0.668193 0.75404 0.021176 0.0693444 0.721314
29 0.610332 0.751607 0.0206697 0.0722745 0.422132
40 0.485519 0.682667 0.0399882 0.0446742 0.36677
28 0.227584 0.80946 0.186382 0.200782 0.951884
9 0.510365 0.76014 0.0708909 0.0923453 0.9473
21 0.568548 0.757694 0.0357817 0.0758705 0.917127
10 0.847927 0.870587 0.302484 0.244646 0.808465
6 0.834391 0.672332 0.171583 0.275032 0.74543
21 0.408641 0.76049 0.023442 0.0710651 0.732842
29 0.668193 0.75404 0.021176 0.0693444 0.721315
29 0.610332 0.751607 0.0206697 0.0722745 0.422132
40 0.485519 0.682667 0.0399882 0.0446742 0.36677
28 0.227584 0.80946 0.186382 0.200782 0.951884
9 0.510365 0.76014 0.0708909 0.0923453 0.9473
21 0.568548 0.757694 0.0357817 0.0758705 0.917127
10 0.847927 0.870587 0.302484 0.244646 0.808465
6 0.834391 0.672332 0.171583 0.275032 0.74543
21 0.408641 0.76049 0.023442 0.0710651 0.732842
29 0.668193 0.75404 0.021176 0.0693444 0.721315
29 0.610332 0.751607 0.0206697 0.0722745 0.422132
40 0.485519 0.682667 0.0399882 0.0446742 0.36677
28 0.227584 0.80946 0.186382 0.200782 0.951884
9 0.510365 0.76014 0.0708909 0.0923453 0.9473
21 0.568548 0.757694 0.0357817 0.0758705 0.917127
10 0.847927 0.870587 0.302484 0.244646 0.808465
6 0.834391 0.672332 0.171583 0.275032 0.74543
21 0.408641 0.76049 0.023442 0.0710651 0.732842
29 0.668193 0.75404 0.021176 0.0693444 0.721315
29 0.610332 0.751607 0.0206697 0.0722745 0.422132
40 0.485519 0.682667 0.0399882 0.0446742 0.36677
28 0.227584 0.80946 0.186382 0.200782 0.951884
9 0.510365 0.76014 0.0708909 0.0923453 0.9473
21 0.568548 0.757694 0.0357817 0.0758705 0.917127
10 0.847927 0.870587 0.302484 0.244646 0.808465
6 0.834391 0.672332 0.171583 0.275032 0.74543
21 0.408641 0.76049 0.023442 0.0710651 0.732842
29 0.668193 0.75404 0.021176 0.0693444 0.721315
29 0.610332 0.751607 0.0206697 0.0722745 0.422132
40 0.485519 0.682667 0.0399882 0.0446742 0.36677
28 0.227584 0.80946 0.186382 0.200782 0.951884
9 0.510365 0.76014 0.0708909 0.0923453 0.9473
21 0.568548 0.757694 0.0357817 0.0758705 0.917127
10 0.847927 0.870587 0.302484 0.244646 0.808465
6 0.834391 0.672332 0.171583 0.275032 0.74543
21 0.408641 0.76049 0.023442 0.0710651 0.732842
29 0.668193 0.75404 0.021176 0.0693444 0.721315
29 0.610332 0.751607 0.0206697 0.0722745 0.422132
40 0.485519 0.682667 0.0399882 0.0446742 0.36677
28 0.227584 0.80946 0.186382 0.200782 0.951884
9 0.510365 0.76014 0.0708909 0.0923453 0.9473
21 0.568548 0.757694 0.0357817 0.0758705 0.917127
10 0.847927 0.870587 0.302484 0.244646 0.808465
6 0.834391 0.672332 0.171583 0.275032 0.74543
21 0.408641 0.76049 0.023442 0.0710651 0.732842
29 0.668193 0.75404 0.021176 0.0693444 0.721315
29 0.610332 0.751607 0.0206697 0.0722745 0.422132
40 0.485519 0.682667 0.0399882 0.0446742 0.36677
28 0.227584 0.80946 0.186382 0.200782 0.951884
9 0.510365 0.76014 0.0708909 0.0923453 0.9473
21 0.568548 0.757694 0.0357817 0.0758705 0.917127
10 0.847927 0.870587 0.302484 0.244646 0.808465
6 0.834391 0.672332 0.171583 0.275032 0.74543
21 0.408641 0.76049 0.023442 0.0710651 0.732842
29 0.668193 0.75404 0.021176 0.0693444 0.721315
29 0.610332 0.751607 0.0206697 0.0722745 0.422132
40 0.485519 0.682667 0.0399882 0.0446742 0.36677
28 0.227584 0.80946 0.186382 0.200782 0.951884
9 0.510365 0.76014 0.0708909 0.0923453 0.9473
21 0.568548 0.757694 0.0357817 0.0758705 0.917127
10 0.847927 0.870587 0.302484 0.244646 0.808465
6 0.834391 0.672332 0.171583 0.275032 0.74543
21 0.408641 0.76049 0.023442 0.0710651 0.732842
29 0.668193 0.75404 0.021176 0.0693444 0.721315
29 0.610332 0.751607 0.0206697 0.0722745 0.422132
40 0.485519 0.682667 0.0399882 0.0446742 0.36677
28 0.227584 0.80946 0.186382 0.200782 0.951884
9 0.510365 0.76014 0.0708909 0.0923453 0.9473
21 0.568548 0.757694 0.0357817 0.0758705 0.917127
10 0.847927 0.870587 0.302484 0.244646 0.808465
6 0.834391 0.672332 0.171583 0.275032 0.74543
21 0.408641 0.76049 0.023442 0.0710651 0.732842
29 0.668193 0.75404 0.021176 0.0693444 0.721315
29 0.610332 0.751607 0.0206697 0.0722745 0.422132
40 0.485519 0.682667 0.0399882 0.0446742 0.36677
28 0.227584 0.80946 0.186382 0.200782 0.951884
9 0.510365 0.76014 0.0708909 0.0923453 0.9473
21 0.568548 0.757694 0.0357817 0.0758705 0.917127
10 0.847927 0.870587 0.302484 0.244646 0.808465
6 0.834391 0.672332 0.171583 0.275032 0.74543
21 0.408641 0.76049 0.023442 0.0710651 0.732842
29 0.668193 0.75404 0.021176 0.0693444 0.721315
29 0.610332 0.751607 0.0206697 0.0722745 0.422132
40 0.485519 0.682667 0.0399882 0.0446742 0.36677
28 0.227584 0.80946 0.186382 0.200782 0.951884
9 0.510365 0.76014 0.0708909 0.0923453 0.9473
21 0.568548 0.757694 0.0357817 0.0758705 0.917127
10 0.847927 0.870587 0.302484 0.244646 0.808465
6 0.834391 0.672332 0.171583 0.275032 0.74543
21 0.408641 0.76049 0.023442 0.0710651 0.732842
29 0.668193 0.75404 0.021176 0.0693444 0.721315
29 0.610332 0.751607 0.0206697 0.0722745 0.422132
40 0.485519 0.682667 0.0399882 0.0446742 0.36677
28 0.227584 0.80946 0.186382 0.200782 0.951884
9 0.510365 0.76014 0.0708909 0.0923453 0.9473
21 0.568548 0.757694 0.0357817 0.0758705 0.917127
10 0.847927 0.870587 0.302484 0.244646 0.808465
6 0.834391 0.672332 0.171583 0.275032 0.74543
21 0.408641 0.76049 0.023442 0.0710651 0.732842
29 0.668193 0.75404 0.021176 0.0693444 0.721315
29 0.610332 0.751607 0.0206697 0.0722745 0.422132
40 0.485519 0.682667 0.0399882 0.0446742 0.36677
28 0.227584 0.80946 0.186382 0.200782 0.951884
9 0.510365 0.76014 0.0708909 0.0923453 0.9473
21 0.568548 0.757694 0.0357817 0.0758705 0.917127
10 0.847927 0.870587 0.302484 0.244646 0.808465
6 0.834391 0.672332 0.171583 0.275032 0.74543
21 0.408641 0.76049 0.023442 0.0710651 0.732842
29 0.668193 0.75404 0.021176 0.0693444 0.721315
29 0.610332 0.751607 0.0206697 0.0722745 0.422132
40 0.485519 0.682667 0.0399882 0.0446742 0.36677
28 0.227584 0.80946 0.186382 0.200782 0.951884
9 0.510365 0.76014 0.0708909 0.0923453 0.9473
21 0.568548 0.757694 0.0357817 0.0758705 0.917127
10 0.847927 0.870587 0.302484 0.244646 0.808465
6 0.834391 0.672332 0.171583 0.275032 0.74543
21 0.408641 0.76049 0.023442 0.0710651 0.732842
29 0.668193 0.75404 0.021176 0.0693444 0.721315
29 0.610332 0.751607 0.0206697 0.0722745 0.422132
40 0.485519 0.682667 0.0399882 0.0446742 0.36677
28 0.227584 0.80946 0.186382 0.200782 0.951884
9 0.510365 0.76014 0.0708909 0.0923453 0.9473
21 0.568548 0.757694 0.0357817 0.0758705 0.917127
10 0.847927 0.870587 0.302484 0.244646 0.808464
6 0.834391 0.672332 0.171583 0.275032 0.74543
21 0.408641 0.76049 0.023442 0.0710651 0.732843
29 0.668193 0.75404 0.021176 0.0693444 0.721314
29 0.610332 0.751607 0.0206697 0.0722745 0.422132
40 0.485519 0.682667 0.0399882 0.0446742 0.36677
28 0.227584 0.80946 0.186382 0.200782 0.951884
9 0.510365 0.76014 0.0708909 0.0923453 0.9473
21 0.568548 0.757694 0.0357817 0.0758705 0.917127
10 0.847927 0.870587 0.302484 0.244646 0.808464
6 0.834391 0.672332 0.171583 0.275032 0.74543
21 0.408641 0.76049 0.023442 0.0710651 0.732843
29 0.668193 0.75404 0.021176 0.0693444 0.721314
29 0.610332 0.751607 0.0206697 0.0722745 0.422132
40 0.485519 0.682667 0.0399882 0.0446742 0.36677
28 0.227584 0.80946 0.186382 0.200782 0.951884
9 0.510365 0.76014 0.0708909 0.0923453 0.9473
21 0.568548 0.757694 0.0357817 0.0758705 0.917127
10 0.847927 0.870587 0.302484 0.244646 0.808465
6 0.834391 0.672332 0.171583 0.275032 0.74543
21 0.408641 0.76049 0.023442 0.0710651 0.732842
29 0.668193 0.75404 0.021176 0.0693444 0.721315
29 0.610332 0.751607 0.0206697 0.0722745 0.422132
40 0.485519 0.682667 0.0399882 0.0446742 0.36677
28 0.227584 0.80946 0.186382 0.200782 0.951884
9 0.510365 0.76014 0.0708909 0.0923453 0.9473
21 0.568548 0.757694 0.0357817 0.0758705 0.917127
10 0.847927 0.870587 0.302484 0.244646 0.808465
6 0.834391 0.672332 0.171583 0.275032 0.74543
21 0.408641 0.76049 0.023442 0.0710651 0.732842
29 0.668193 0.75404 0.021176 0.0693444 0.721315
29 0.610332 0.751607 0.0206697 0.0722745 0.422132
40 0.485519 0.682667 0.0399882 0.0446742 0.36677
28 0.227584 0.80946 0.186382 0.200782 0.951884
9 0.510365 0.76014 0.0708909 0.0923453 0.9473
21 0.568548 0.757694 0.0357817 0.0758705 0.917127
10 0.847927 0.870587 0.302484 0.244646 0.808465
6 0.834391 0.672332 0.171583 0.275032 0.74543
21 0.408641 0.76049 0.023442 0.0710651 0.732842
29 0.668193 0.75404 0.021176 0.0693444 0.721315
29 0.610332 0.751607 0.0206697 0.0722745 0.422132
40 0.485519 0.682667 0.0399882 0.0446742 0.36677
28 0.227584 0.80946 0.186382 0.200782 0.951884
9 0.510365 0.76014 0.0708909 0.0923453 0.9473
21 0.568548 0.757694 0.0357817 0.0758705 0.917127
10 0.847927 0.870587 0.302484 0.244646 0.808465
6 0.834391 0.672332 0.171583 0.275032 0.74543
21 0.408641 0.76049 0.023442 0.0710651 0.732842
29 0.668193 0.75404 0.021176 0.0693444 0.721315
29 0.610332 0.751607 0.0206697 0.0722745 0.422132
40 0.485519 0.682667 0.0399882 0.0446742 0.36677
28 0.227584 0.80946 0.186382 0.200782 0.951884
9 0.510365 0.76014 0.0708909 0.0923453 0.9473
21 0.568548 0.757694 0.0357817 0.0758705 0.917127
10 0.847927 0.870587 0.302484 0.244646 0.808465
6 0.834391 0.672332 0.171583 0.275032 0.74543
21 0.408641 0.76049 0.023442 0.0710651 0.732842
29 0.668193 0.75404 0.021176 0.0693444 0.721315
29 0.610332 0.751607 0.0206697 0.0722745 0.422132
40 0.485519 0.682667 0.0399882 0.0446742 0.36677
28 0.227584 0.80946 0.186382 0.200782 0.951884
9 0.510365 0.76014 0.0708909 0.0923453 0.9473
21 0.568548 0.757694 0.0357817 0.0758705 0.917127
10 0.847927 0.870587 0.302484 0.244646 0.808465
6 0.834391 0.672332 0.171583 0.275032 0.74543
21 0.408641 0.76049 0.023442 0.0710651 0.732842
29 0.668193 0.75404 0.021176 0.0693444 0.721315
29 0.610332 0.751607 0.0206697 0.0722745 0.422132
40 0.485519 0.682667 0.0399882 0.0446742 0.36677
28 0.227584 0.80946 0.186382 0.200782 0.951884
9 0.510365 0.76014 0.0708909 0.0923453 0.9473
21 0.568548 0.757694 0.0357817 0.0758705 0.917127
10 0.847927 0.870587 0.302484 0.244646 0.808465
6 0.834391 0.672332 0.171583 0.275032 0.74543
21 0.408641 0.76049 0.023442 0.0710651 0.732842
29 0.668193 0.75404 0.021176 0.0693444 0.721315
29 0.610332 0.751607 0.0206697 0.0722745 0.422132
40 0.485519 0.682667 0.0399882 0.0446742 0.36677
28 0.227584 0.80946 0.186382 0.200782 0.951884
9 0.510365 0.76014 0.0708909 0.0923453 0.9473
21 0.568548 0.757694 0.0357817 0.0758705 0.917127
10 0.847927 0.870587 0.302484 0.244646 0.808465
6 0.834391 0.672332 0.171583 0.275032 0.74543
21 0.408641 0.76049 0.023442 0.0710651 0.732842
29 0.668193 0.75404 0.021176 0.0693444 0.721315
29 0.610332 0.751607 0.0206697 0.0722745 0.422132
40 0.485519 0.682667 0.0399882 0.0446742 0.36677
28 0.227584 0.80946 0.186382 0.200782 0.951884
9 0.510365 0.76014 0.0708909 0.0923453 0.9473
21 0.568548 0.757694 0.0357817 0.0758705 0.917127
10 0.847927 0.870587 0.302484 0.244646 0.808465
6 0.834391 0.672332 0.171583 0.275032 0.74543
21 0.408641 0.76049 0.023442 0.0710651 0.732842
29 0.668193 0.75404 0.021176 0.0693444 0.721315
29 0.610332 0.751607 0.0206697 0.0722745 0.422132
40 0.485519 0.682667 0.0399882 0.0446742 0.36677
28 0.227584 0.80946 0.186382 0.200782 0.951884
9 0.510365 0.76014 0.0708909 0.0923453 0.9473
21 0.568548 0.757694 0.0357817 0.0758705 0.917127
10 0.847927 0.870587 0.302484 0.244646 0.808465
6 0.834391 0.672332 0.171583 0.275032 0.74543
21 0.408641 0.76049 0.023442 0.0710651 0.732842
29 0.668193 0.75404 0.021176 0.0693444 0.721315
29 0.610332 0.751607 0.0206697 0.0722745 0.422132
40 0.485519 0.682667 0.0399882 0.0446742 0.36677
28 0.227584 0.80946 0.186382 0.200782 0.951884
9 0.510365 0.76014 0.0708909 0.0923453 0.9473
21 0.568548 0.757694 0.0357817 0.0758705 0.917127
10 0.847927 0.870587 0.302484 0.244646 0.808465
6 0.834391 0.672332 0.171583 0.275032 0.74543
21 0.408641 0.76049 0.023442 0.0710651 0.732842
29 0.668193 0.75404 0.021176 0.0693444 0.721315
29 0.610332 0.751607 0.0206697 0.0722745 0.422132
40 0.485519 0.682667 0.0399882 0.0446742 0.36677
28 0.227584 0.80946 0.186382 0.200782 0.951884
9 0.510365 0.76014 0.0708909 0.0923453 0.9473
21 0.568548 0.757694 0.0357817 0.0758705 0.917127
10 0.847927 0.870587 0.302484 0.244646 0.808465
6 0.834391 0.672332 0.171583 0.275032 0.74543
21 0.408641 0.76049 0.023442 0.0710651 0.732842
29 0.668193 0.75404 0.021176 0.0693444 0.721315
29 0.610332 0.751607 0.0206697 0.0722745 0.422132
40 0.485519 0.682667 0.0399882 0.0446742 0.36677
28 0.227584 0.80946 0.186382 0.200782 0.951884
9 0.510365 0.76014 0.0708909 0.0923453 0.9473
21 0.568548 0.757694 0.0357817 0.0758705 0.917127
10 0.847927 0.870587 0.302484 0.244646 0.808465
6 0.834391 0.672332 0.171583 0.275032 0.74543
21 0.408641 0.76049 0.023442 0.0710651 0.732842
29 0.668193 0.75404 0.021176 0.0693444 0.721315
29 0.610332 0.751607 0.0206697 0.0722745 0.422132
40 0.485519 0.682667 0.0399882 0.0446742 0.36677
28 0.227584 0.80946 0.186382 0.200782 0.951884
9 0.510365 0.76014 0.0708909 0.0923453 0.9473
21 0.568548 0.757694 0.0357817 0.0758705 0.917127
10 0.847927 0.870587 0.302484 0.244646 0.808465
6 0.834391 0.672332 0.171583 0.275032 0.74543
21 0.408641 0.76049 0.023442 0.0710651 0.732842
29 0.668193 0.75404 0.021176 0.0693444 0.721315
29 0.610332 0.751607 0.0206697 0.0722745 0.422132
40 0.485519 0.682667 0.0399882 0.0446742 0.36677
28 0.227584 0.80946 0.186382 0.200782 0.951884
9 0.510365 0.76014 0.0708909 0.0923453 0.9473
21 0.568548 0.757694 0.0357817 0.0758705 0.917127
10 0.847927 0.870587 0.302484 0.244646 0.808465
6 0.834391 0.672332 0.171583 0.275032 0.74543
21 0.408641 0.76049 0.023442 0.0710651 0.732842
29 0.668193 0.75404 0.021176 0.0693444 0.721315
29 0.610332 0.751607 0.0206697 0.0722745 0.422132
40 0.485519 0.682667 0.0399882 0.0446742 0.36677
28 0.227584 0.80946 0.186382 0.200782 0.951884
9 0.510365 0.76014 0.0708909 0.0923453 0.9473
21 0.568548 0.757694 0.0357817 0.0758705 0.917127
10 0.847927 0.870587 0.302484 0.244646 0.808465
6 0.834391 0.672332 0.171583 0.275032 0.74543
21 0.408641 0.76049 0.023442 0.0710651 0.732842
29 0.668193 0.75404 0.021176 0.0693444 0.721315
29 0.610332 0.751607 0.0206697 0.0722745 0.422132
40 0.485519 0.682667 0.0399882 0.0446742 0.36677
28 0.227584 0.80946 0.186382 0.200782 0.951884
9 0.510365 0.76014 0.0708909 0.0923453 0.9473
21 0.568548 0.757694 0.0357817 0.0758705 0.917127
10 0.847927 0.870587 0.302484 0.244646 0.808465
6 0.834391 0.672332 0.171583 0.275032 0.74543
21 0.408641 0.76049 0.023442 0.0710651 0.732842
29 0.668193 0.75404 0.021176 0.0693444 0.721315
29 0.610332 0.751607 0.0206697 0.0722745 0.422132
40 0.485519 0.682667 0.0399882 0.0446742 0.36677
28 0.227584 0.80946 0.186382 0.200782 0.951884
9 0.510365 0.76014 0.0708909 0.0923453 0.9473
21 0.568548 0.757694 0.0357817 0.0758705 0.917127
10 0.847927 0.870587 0.302484 0.244646 0.808465
6 0.834391 0.672332 0.171583 0.275032 0.74543
21 0.408641 0.76049 0.023442 0.0710651 0.732842
29 0.668193 0.75404 0.021176 0.0693444 0.721315
29 0.610332 0.751607 0.0206697 0.0722745 0.422132
40 0.485519 0.682667 0.0399882 0.0446742 0.36677
28 0.227584 0.80946 0.186382 0.200782 0.951884
9 0.510365 0.76014 0.0708909 0.0923453 0.9473
21 0.568548 0.757694 0.0357817 0.0758705 0.917127
10 0.847927 0.870587 0.302484 0.244646 0.808465
6 0.834391 0.672332 0.171583 0.275032 0.74543
21 0.408641 0.76049 0.023442 0.0710651 0.732842
29 0.668193 0.75404 0.021176 0.0693444 0.721315
29 0.610332 0.751607 0.0206697 0.0722745 0.422132
40 0.485519 0.682667 0.0399882 0.0446742 0.36677
28 0.227584 0.80946 0.186382 0.200782 0.951884
9 0.510365 0.76014 0.0708909 0.0923453 0.9473
21 0.568548 0.757694 0.0357817 0.0758705 0.917127
10 0.847927 0.870587 0.302484 0.244646 0.808465
6 0.834391 0.672332 0.171583 0.275032 0.74543
21 0.408641 0.76049 0.023442 0.0710651 0.732842
29 0.668193 0.75404 0.021176 0.0693444 0.721315
29 0.610332 0.751607 0.0206697 0.0722745 0.422132
40 0.485519 0.682667 0.0399882 0.0446742 0.36677
28 0.227584 0.80946 0.186382 0.200782 0.951884
9 0.510365 0.76014 0.0708909 0.0923453 0.9473
21 0.568548 0.757694 0.0357817 0.0758705 0.917127
10 0.847927 0.870587 0.302484 0.244646 0.808465
6 0.834391 0.672332 0.171583 0.275032 0.74543
21 0.408641 0.76049 0.023442 0.0710651 0.732842
29 0.668193 0.75404 0.021176 0.0693444 0.721315
29 0.610332 0.751607 0.0206697 0.0722745 0.422132
40 0.485519 0.682667 0.0399882 0.0446742 0.36677
28 0.227584 0.80946 0.186382 0.200782 0.951884
9 0.510365 0.76014 0.0708909 0.0923453 0.9473
21 0.568548 0.757694 0.0357817 0.0758705 0.917127
10 0.847927 0.870587 0.302484 0.244646 0.808465
6 0.834391 0.672332 0.171583 0.275032 0.74543
21 0.408641 0.76049 0.023442 0.0710651 0.732842
29 0.668193 0.75404 0.021176 0.0693444 0.721315
29 0.610332 0.751607 0.0206697 0.0722745 0.422132
40 0.485519 0.682667 0.0399882 0.0446742 0.36677
28 0.227584 0.80946 0.186382 0.200782 0.951884
9 0.510365 0.76014 0.0708909 0.0923453 0.9473
21 0.568548 0.757694 0.0357817 0.0758705 0.917127
10 0.847927 0.870587 0.302484 0.244646 0.808465
6 0.834391 0.672332 0.171583 0.275032 0.74543
21 0.408641 0.76049 0.023442 0.0710651 0.732842
29 0.668193 0.75404 0.021176 0.0693444 0.721315
29 0.610332 0.751607 0.0206697 0.0722745 0.422132
40 0.485519 0.682667 0.0399882 0.0446742 0.36677
28 0.227584 0.80946 0.186382 0.200782 0.951884
9 0.510365 0.76014 0.0708909 0.0923453 0.9473
21 0.568548 0.757694 0.0357817 0.0758705 0.917127
10 0.847927 0.870587 0.302484 0.244646 0.808465
6 0.834391 0.672332 0.171583 0.275032 0.74543
21 0.408641 0.76049 0.023442 0.0710651 0.732842
29 0.668193 0.75404 0.021176 0.0693444 0.721315
29 0.610332 0.751607 0.0206697 0.0722745 0.422132
40 0.485519 0.682667 0.0399882 0.0446742 0.36677
28 0.227584 0.80946 0.186382 0.200782 0.951884
9 0.510365 0.76014 0.0708909 0.0923453 0.9473
21 0.568548 0.757694 0.0357817 0.0758705 0.917127
10 0.847927 0.870587 0.302484 0.244646 0.808465
6 0.834391 0.672332 0.171583 0.275032 0.74543
21 0.408641 0.76049 0.023442 0.0710651 0.732842
29 0.668193 0.75404 0.021176 0.0693444 0.721315
29 0.610332 0.751607 0.0206697 0.0722745 0.422132
40 0.485519 0.682667 0.0399882 0.0446742 0.36677
28 0.227584 0.80946 0.186382 0.200782 0.951884
9 0.510365 0.76014 0.0708909 0.0923453 0.9473
21 0.568548 0.757694 0.0357817 0.0758705 0.917127
10 0.847927 0.870587 0.302484 0.244646 0.808465
6 0.834391 0.672332 0.171583 0.275032 0.74543
21 0.408641 0.76049 0.023442 0.0710651 0.732842
29 0.668193 0.75404 0.021176 0.0693444 0.721315
29 0.610332 0.751607 0.0206697 0.0722745 0.422132
40 0.485519 0.682667 0.0399882 0.0446742 0.36677
28 0.227584 0.80946 0.186382 0.200782 0.951884
9 0.510365 0.76014 0.0708909 0.0923453 0.9473
21 0.568548 0.757694 0.0357817 0.0758705 0.917127
10 0.847927 0.870587 0.302484 0.244646 0.808465
6 0.834391 0.672332 0.171583 0.275032 0.74543
21 0.408641 0.76049 0.023442 0.0710651 0.732842
29 0.668193 0.75404 0.021176 0.0693444 0.721315
29 0.610332 0.751607 0.0206697 0.0722745 0.422132
40 0.485519 0.682667 0.0399882 0.0446742 0.36677
28 0.227584 0.80946 0.186382 0.200782 0.951884
9 0.510365 0.76014 0.0708909 0.0923453 0.9473
21 0.568548 0.757694 0.0357817 0.0758705 0.917127
10 0.847927 0.870587 0.302484 0.244646 0.808465
6 0.834391 0.672332 0.171583 0.275032 0.74543
21 0.408641 0.76049 0.023442 0.0710651 0.732842
29 0.668193 0.75404 0.021176 0.0693444 0.721315
29 0.610332 0.751607 0.0206697 0.0722745 0.422132
40 0.485519 0.682667 0.0399882 0.0446742 0.36677
28 0.227584 0.80946 0.186382 0.200782 0.951884
9 0.510365 0.76014 0.0708909 0.0923453 0.9473
21 0.568548 0.757694 0.0357817 0.0758705 0.917127
10 0.847927 0.870587 0.302484 0.244646 0.808464
6 0.834391 0.672332 0.171583 0.275032 0.74543
21 0.408641 0.76049 0.023442 0.0710651 0.732843
29 0.668193 0.75404 0.021176 0.0693444 0.721314
29 0.610332 0.751607 0.0206697 0.0722745 0.422132
40 0.485519 0.682667 0.0399882 0.0446742 0.36677
28 0.227584 0.80946 0.186382 0.200782 0.951884
9 0.510365 0.76014 0.0708909 0.0923453 0.9473
21 0.568548 0.757694 0.0357817 0.0758705 0.917127
10 0.847927 0.870587 0.302484 0.244646 0.808464
6 0.834391 0.672332 0.171583 0.275032 0.74543
21 0.408641 0.76049 0.023442 0.0710651 0.732843
29 0.668193 0.75404 0.021176 0.0693444 0.721314
29 0.610332 0.751607 0.0206697 0.0722745 0.422132
40 0.485519 0.682667 0.0399882 0.0446742 0.36677
28 0.227584 0.80946 0.186382 0.200782 0.951884
9 0.510365 0.76014 0.0708909 0.0923453 0.9473
21 0.568548 0.757694 0.0357817 0.0758705 0.917127
10 0.847927 0.870587 0.302484 0.244646 0.808465
6 0.834391 0.672332 0.171583 0.275032 0.74543
21 0.408641 0.76049 0.023442 0.0710651 0.732842
29 0.668193 0.75404 0.021176 0.0693444 0.721315
29 0.610332 0.751607 0.0206697 0.0722745 0.422132
40 0.485519 0.682667 0.0399882 0.0446742 0.36677
28 0.227584 0.80946 0.186382 0.200782 0.951884
9 0.510365 0.76014 0.0708909 0.0923453 0.9473
21 0.568548 0.757694 0.0357817 0.0758705 0.917127
10 0.847927 0.870587 0.302484 0.244646 0.808465
6 0.834391 0.672332 0.171583 0.275032 0.74543
21 0.408641 0.76049 0.023442 0.0710651 0.732842
29 0.668193 0.75404 0.021176 0.0693444 0.721315
29 0.610332 0.751607 0.0206697 0.0722745 0.422132
40 0.485519 0.682667 0.0399882 0.0446742 0.36677
28 0.227584 0.80946 0.186382 0.200782 0.951884
9 0.510365 0.76014 0.0708909 0.0923453 0.9473
21 0.568548 0.757694 0.0357817 0.0758705 0.917127
10 0.847927 0.870587 0.302484 0.244646 0.808465
6 0.834391 0.672332 0.171583 0.275032 0.74543
21 0.408641 0.76049 0.023442 0.0710651 0.732842
29 0.668193 0.75404 0.021176 0.0693444 0.721315
29 0.610332 0.751607 0.0206697 0.0722745 0.422132
40 0.485519 0.682667 0.0399882 0.0446742 0.36677
28 0.227584 0.80946 0.186382 0.200782 0.951884
9 0.510365 0.76014 0.0708909 0.0923453 0.9473
21 0.568548 0.757694 0.0357817 0.0758705 0.917127
10 0.847927 0.870587 0.302484 0.244646 0.808465
6 0.834391 0.672332 0.171583 0.275032 0.74543
21 0.408641 0.76049 0.023442 0.0710651 0.732842
29 0.668193 0.75404 0.021176 0.0693444 0.721315
29 0.610332 0.751607 0.0206697 0.0722745 0.422132
40 0.485519 0.682667 0.0399882 0.0446742 0.36677
28 0.227584 0.80946 0.186382 0.200782 0.951884
9 0.510365 0.76014 0.0708909 0.0923453 0.9473
21 0.568548 0.757694 0.0357817 0.0758705 0.917127
10 0.847927 0.870587 0.302484 0.244646 0.808465
6 0.834391 0.672332 0.171583 0.275032 0.74543
21 0.408641 0.76049 0.023442 0.0710651 0.732842
29 0.668193 0.75404 0.021176 0.0693444 0.721315
29 0.610332 0.751607 0.0206697 0.0722745 0.422132
40 0.485519 0.682667 0.0399882 0.0446742 0.36677
28 0.227584 0.80946 0.186382 0.200782 0.951884
9 0.510365 0.76014 0.0708909 0.0923453 0.9473
21 0.568548 0.757694 0.0357817 0.0758705 0.917127
10 0.847927 0.870587 0.302484 0.244646 0.808465
6 0.834391 0.672332 0.171583 0.275032 0.74543
21 0.408641 0.76049 0.023442 0.0710651 0.732842
29 0.668193 0.75404 0.021176 0.0693444 0.721315
29 0.610332 0.751607 0.0206697 0.0722745 0.422132
40 0.485519 0.682667 0.0399882 0.0446742 0.36677
28 0.227584 0.80946 0.186382 0.200782 0.951884
9 0.510365 0.76014 0.0708909 0.0923453 0.9473
21 0.568548 0.757694 0.0357817 0.0758705 0.917127
10 0.847927 0.870587 0.302484 0.244646 0.808465
6 0.834391 0.672332 0.171583 0.275032 0.74543
21 0.408641 0.76049 0.023442 0.0710651 0.732842
29 0.668193 0.75404 0.021176 0.0693444 0.721315
29 0.610332 0.751607 0.0206697 0.0722745 0.422132
40 0.485519 0.682667 0.0399882 0.0446742 0.36677
28 0.227584 0.80946 0.186382 0.200782 0.951884
9 0.510365 0.76014 0.0708909 0.0923453 0.9473
21 0.568548 0.757694 0.0357817 0.0758705 0.917127
10 0.847927 0.870587 0.302484 0.244646 0.808465
6 0.834391 0.672332 0.171583 0.275032 0.74543
21 0.408641 0.76049 0.023442 0.0710651 0.732842
29 0.668193 0.75404 0.021176 0.0693444 0.721315
29 0.610332 0.751607 0.0206697 0.0722745 0.422132
40 0.485519 0.682667 0.0399882 0.0446742 0.36677
28 0.227584 0.80946 0.186382 0.200782 0.951884
9 0.510365 0.76014 0.0708909 0.0923453 0.9473
21 0.568548 0.757694 0.0357817 0.0758705 0.917127
10 0.847927 0.870587 0.302484 0.244646 0.808465
6 0.834391 0.672332 0.171583 0.275032 0.74543
21 0.408641 0.76049 0.023442 0.0710651 0.732842
29 0.668193 0.75404 0.021176 0.0693444 0.721315
29 0.610332 0.751607 0.0206697 0.0722745 0.422132
40 0.485519 0.682667 0.0399882 0.0446742 0.36677
28 0.227584 0.80946 0.186382 0.200782 0.951884
9 0.510365 0.76014 0.0708909 0.0923453 0.9473
21 0.568548 0.757694 0.0357817 0.0758705 0.917127
10 0.847927 0.870587 0.302484 0.244646 0.808465
6 0.834391 0.672332 0.171583 0.275032 0.74543
21 0.408641 0.76049 0.023442 0.0710651 0.732842
29 0.668193 0.75404 0.021176 0.0693444 0.721315
29 0.610332 0.751607 0.0206697 0.0722745 0.422132
40 0.485519 0.682667 0.0399882 0.0446742 0.36677
28 0.227584 0.80946 0.186382 0.200782 0.951884
9 0.510365 0.76014 0.0708909 0.0923453 0.9473
21 0.568548 0.757694 0.0357817 0.0758705 0.917127
10 0.847927 0.870587 0.302484 0.244646 0.808465
6 0.834391 0.672332 0.171583 0.275032 0.74543
21 0.408641 0.76049 0.023442 0.0710651 0.732842
29 0.668193 0.75404 0.021176 0.0693444 0.721315
29 0.610332 0.751607 0.0206697 0.0722745 0.422132
40 0.485519 0.682667 0.0399882 0.0446742 0.36677
28 0.227584 0.80946 0.186382 0.200782 0.951884
9 0.510365 0.76014 0.0708909 0.0923453 0.9473
21 0.568548 0.757694 0.0357817 0.0758705 0.917127
10 0.847927 0.870587 0.302484 0.244646 0.808465
6 0.834391 0.672332 0.171583 0.275032 0.74543
21 0.408641 0.76049 0.023442 0.0710651 0.732842
29 0.668193 0.75404 0.021176 0.0693444 0.721315
29 0.610332 0.751607 0.0206697 0.0722745 0.422132
40 0.485519 0.682667 0.0399882 0.0446742 0.36677
28 0.227584 0.80946 0.186382 0.200782 0.951884
9 0.510365 0.76014 0.0708909 0.0923453 0.9473
21 0.568548 0.757694 0.0357817 0.0758705 0.917127
10 0.847927 0.870587 0.302484 0.244646 0.808465
6 0.834391 0.672332 0.171583 0.275032 0.74543
21 0.408641 0.76049 0.023442 0.0710651 0.732842
29 0.668193 0.75404 0.021176 0.0693444 0.721315
29 0.610332 0.751607 0.0206697 0.0722745 0.422132
40 0.485519 0.682667 0.0399882 0.0446742 0.36677
28 0.227584 0.80946 0.186382 0.200782 0.951884
9 0.510365 0.76014 0.0708909 0.0923453 0.9473
21 0.568548 0.757694 0.0357817 0.0758705 0.917127
10 0.847927 0.870587 0.302484 0.244646 0.808465
6 0.834391 0.672332 0.171583 0.275032 0.74543
21 0.408641 0.76049 0.023442 0.0710651 0.732842
29 0.668193 0.75404 0.021176 0.0693444 0.721315
29 0.610332 0.751607 0.0206697 0.0722745 0.422132
40 0.485519 0.682667 0.0399882 0.0446742 0.36677
28 0.227584 0.80946 0.186382 0.200782 0.951884
9 0.510365 0.76014 0.0708909 0.0923453 0.9473
21 0.568548 0.757694 0.0357817 0.0758705 0.917127
10 0.847927 0.870587 0.302484 0.244646 0.808465
6 0.834391 0.672332 0.171583 0.275032 0.74543
21 0.408641 0.76049 0.023442 0.0710651 0.732842
29 0.668193 0.75404 0.021176 0.0693444 0.721315
29 0.610332 0.751607 0.0206697 0.0722745 0.422132
40 0.485519 0.682667 0.0399882 0.0446742 0.36677
28 0.227584 0.80946 0.186382 0.200782 0.951884
9 0.510365 0.76014 0.0708909 0.0923453 0.9473
21 0.568548 0.757694 0.0357817 0.0758705 0.917127
10 0.847927 0.870587 0.302484 0.244646 0.808465
6 0.834391 0.672332 0.171583 0.275032 0.74543
21 0.408641 0.76049 0.023442 0.0710651 0.732842
29 0.668193 0.75404 0.021176 0.0693444 0.721315
29 0.610332 0.751607 0.0206697 0.0722745 0.422132
40 0.485519 0.682667 0.0399882 0.0446742 0.36677
28 0.227584 0.80946 0.186382 0.200782 0.951884
9 0.510365 0.76014 0.0708909 0.0923453 0.9473
21 0.568548 0.757694 0.0357817 0.0758705 0.917127
10 0.847927 0.870587 0.302484 0.244646 0.808465
6 0.834391 0.672332 0.171583 0.275032 0.74543
21 0.408641 0.76049 0.023442 0.0710651 0.732842
29 0.668193 0.75404 0.021176 0.0693444 0.721315
29 0.610332 0.751607 0.0206697 0.0722745 0.422132
40 0.485519 0.682667 0.0399882 0.0446742 0.36677
28 0.227584 0.80946 0.186382 0.200782 0.951884
9 0.510365 0.76014 0.0708909 0.0923453 0.9473
21 0.568548 0.757694 0.0357817 0.0758705 0.917127
10 0.847927 0.870587 0.302484 0.244646 0.808465
6 0.834391 0.672332 0.171583 0.275032 0.74543
21 0.408641 0.76049 0.023442 0.0710651 0.732842
29 0.668193 0.75404 0.021176 0.0693444 0.721315
29 0.610332 0.751607 0.0206697 0.0722745 0.422132
40 0.485519 0.682667 0.0399882 0.0446742 0.36677
28 0.227584 0.80946 0.186382 0.200782 0.951884
9 0.510365 0.76014 0.0708909 0.0923453 0.9473
21 0.568548 0.757694 0.0357817 0.0758705 0.917127
10 0.847927 0.870587 0.302484 0.244646 0.808465
6 0.834391 0.672332 0.171583 0.275032 0.74543
21 0.408641 0.76049 0.023442 0.0710651 0.732842
29 0.668193 0.75404 0.021176 0.0693444 0.721315
29 0.610332 0.751607 0.0206697 0.0722745 0.422132
40 0.485519 0.682667 0.0399882 0.0446742 0.36677
28 0.227584 0.80946 0.186382 0.200782 0.951884
9 0.510365 0.76014 0.0708909 0.0923453 0.9473
21 0.568548 0.757694 0.0357817 0.0758705 0.917127
10 0.847927 0.870587 0.302484 0.244646 0.808465
6 0.834391 0.672332 0.171583 0.275032 0.74543
21 0.408641 0.76049 0.023442 0.0710651 0.732842
29 0.668193 0.75404 0.021176 0.0693444 0.721315
29 0.610332 0.751607 0.0206697 0.0722745 0.422132
40 0.485519 0.682667 0.0399882 0.0446742 0.36677
28 0.227584 0.80946 0.186382 0.200782 0.951884
9 0.510365 0.76014 0.0708909 0.0923453 0.9473
21 0.568548 0.757694 0.0357817 0.0758705 0.917127
10 0.847927 0.870587 0.302484 0.244646 0.808465
6 0.834391 0.672332 0.171583 0.275032 0.74543
21 0.408641 0.76049 0.023442 0.0710651 0.732842
29 0.668193 0.75404 0.021176 0.0693444 0.721315
29 0.610332 0.751607 0.0206697 0.0722745 0.422132
40 0.485519 0.682667 0.0399882 0.0446742 0.36677
28 0.227584 0.80946 0.186382 0.200782 0.951884
9 0.510365 0.76014 0.0708909 0.0923453 0.9473
21 0.568548 0.757694 0.0357817 0.0758705 0.917127
10 0.847927 0.870587 0.302484 0.244646 0.808465
6 0.834391 0.672332 0.171583 0.275032 0.74543
21 0.408641 0.76049 0.023442 0.0710651 0.732842
29 0.668193 0.75404 0.021176 0.0693444 0.721315
29 0.610332 0.751607 0.0206697 0.0722745 0.422132
40 0.485519 0.682667 0.0399882 0.0446742 0.36677
28 0.227584 0.80946 0.186382 0.200782 0.951884
9 0.510365 0.76014 0.0708909 0.0923453 0.9473
21 0.568548 0.757694 0.0357817 0.0758705 0.917127
10 0.847927 0.870587 0.302484 0.244646 0.808465
6 0.834391 0.672332 0.171583 0.275032 0.74543
21 0.408641 0.76049 0.023442 0.0710651 0.732842
29 0.668193 0.75404 0.021176 0.0693444 0.721315
29 0.610332 0.751607 0.0206697 0.0722745 0.422132
40 0.485519 0.682667 0.0399882 0.0446742 0.36677
28 0.227584 0.80946 0.186382 0.200782 0.951884
9 0.510365 0.76014 0.0708909 0.0923453 0.9473
21 0.568548 0.757694 0.0357817 0.0758705 0.917127
10 0.847927 0.870587 0.302484 0.244646 0.808465
6 0.834391 0.672332 0.171583 0.275032 0.74543
21 0.408641 0.76049 0.023442 0.0710651 0.732842
29 0.668193 0.75404 0.021176 0.0693444 0.721315
29 0.610332 0.751607 0.0206697 0.0722745 0.422132
40 0.485519 0.682667 0.0399882 0.0446742 0.36677
28 0.227584 0.80946 0.186382 0.200782 0.951884
9 0.510365 0.76014 0.0708909 0.0923453 0.9473
21 0.568548 0.757694 0.0357817 0.0758705 0.917127
10 0.847927 0.870587 0.302484 0.244646 0.808465
6 0.834391 0.672332 0.171583 0.275032 0.74543
21 0.408641 0.76049 0.023442 0.0710651 0.732842
29 0.668193 0.75404 0.021176 0.0693444 0.721315
29 0.610332 0.751607 0.0206697 0.0722745 0.422132
40 0.485519 0.682667 0.0399882 0.0446742 0.36677
28 0.227584 0.80946 0.186382 0.200782 0.951884
9 0.510365 0.76014 0.0708909 0.0923453 0.9473
21 0.568548 0.757694 0.0357817 0.0758705 0.917127
10 0.847927 0.870587 0.302484 0.244646 0.808465
6 0.834391 0.672332 0.171583 0.275032 0.74543
21 0.408641 0.76049 0.023442 0.0710651 0.732842
29 0.668193 0.75404 0.021176 0.0693444 0.721315
29 0.610332 0.751607 0.0206697 0.0722745 0.422132
40 0.485519 0.682667 0.0399882 0.0446742 0.36677
28 0.227584 0.80946 0.186382 0.200782 0.951884
9 0.510365 0.76014 0.0708909 0.0923453 0.9473
21 0.568548 0.757694 0.0357817 0.0758705 0.917127
10 0.847927 0.870587 0.302484 0.244646 0.808465
6 0.834391 0.672332 0.171583 0.275032 0.74543
21 0.408641 0.76049 0.023442 0.0710651 0.732842
29 0.668193 0.75404 0.021176 0.0693444 0.721315
29 0.610332 0.751607 0.0206697 0.0722745 0.422132
40 0.485519 0.682667 0.0399882 0.0446742 0.36677
28 0.229176 0.809249 0.189947 0.200745 0.954849
9 0.510457 0.760221 0.0709007 0.0925997 0.939799
21 0.56858 0.757605 0.0358801 0.0761531 0.914447
10 0.848028 0.870742 0.302554 0.245279 0.839974
29 0.667854 0.754804 0.0206564 0.0700623 0.737096
6 0.834288 0.672467 0.171786 0.275033 0.722103
21 0.408661 0.760638 0.0233209 0.0711004 0.696506
40 0.485514 0.682721 0.0398842 0.0447796 0.459566
29 0.610344 0.75161 0.0208757 0.072397 0.427851
28 0.227584 0.80946 0.186382 0.200782 0.951884
9 0.510365 0.76014 0.0708909 0.0923453 0.9473
21 0.568548 0.757694 0.0357817 0.0758705 0.917127
10 0.847927 0.870587 0.302484 0.244646 0.808465
6 0.834391 0.672332 0.171583 0.275032 0.74543
21 0.408641 0.76049 0.023442 0.0710651 0.732842
29 0.668193 0.75404 0.021176 0.0693444 0.721315
29 0.610332 0.751607 0.0206697 0.0722745 0.422132
40 0.485519 0.682667 0.0399882 0.0446742 0.36677
28 0.227584 0.80946 0.186382 0.200782 0.951884
9 0.510365 0.76014 0.0708909 0.0923453 0.9473
21 0.568548 0.757694 0.0357817 0.0758705 0.917127
10 0.847927 0.870587 0.302484 0.244646 0.808465
6 0.834391 0.672332 0.171583 0.275032 0.74543
21 0.408641 0.76049 0.023442 0.0710651 0.732842
29 0.668193 0.75404 0.021176 0.0693444 0.721315
29 0.610332 0.751607 0.0206697 0.0722745 0.422132
40 0.485519 0.682667 0.0399882 0.0446742 0.36677
28 0.227584 0.80946 0.186382 0.200782 0.951884
9 0.510365 0.76014 0.0708909 0.0923453 0.9473
21 0.568548 0.757694 0.0357817 0.0758705 0.917127
10 0.847927 0.870587 0.302484 0.244646 0.808465
6 0.834391 0.672332 0.171583 0.275032 0.74543
21 0.408641 0.76049 0.023442 0.0710651 0.732842
29 0.668193 0.75404 0.021176 0.0693444 0.721315
29 0.610332 0.751607 0.0206697 0.0722745 0.422132
40 0.485519 0.682667 0.0399882 0.0446742 0.36677
28 0.227584 0.80946 0.186382 0.200782 0.951884
9 0.510365 0.76014 0.0708909 0.0923453 0.9473
21 0.568548 0.757694 0.0357817 0.0758705 0.917127
10 0.847927 0.870587 0.302484 0.244646 0.808465
6 0.834391 0.672332 0.171583 0.275032 0.74543
21 0.408641 0.76049 0.023442 0.0710651 0.732842
29 0.668193 0.75404 0.021176 0.0693444 0.721315
29 0.610332 0.751607 0.0206697 0.0722745 0.422132
40 0.485519 0.682667 0.0399882 0.0446742 0.36677
28 0.227584 0.80946 0.186382 0.200782 0.951884
9 0.510365 0.76014 0.0708909 0.0923453 0.9473
21 0.568548 0.757694 0.0357817 0.0758705 0.917127
10 0.847927 0.870587 0.302484 0.244646 0.808465
6 0.834391 0.672332 0.171583 0.275032 0.74543
21 0.408641 0.76049 0.023442 0.0710651 0.732842
29 0.668193 0.75404 0.021176 0.0693444 0.721315
29 0.610332 0.751607 0.0206697 0.0722745 0.422132
40 0.485519 0.682667 0.0399882 0.0446742 0.36677
28 0.227584 0.80946 0.186382 0.200782 0.951884
9 0.510365 0.76014 0.0708909 0.0923453 0.9473
21 0.568548 0.757694 0.0357817 0.0758705 0.917127
10 0.847927 0.870587 0.302484 0.244646 0.808465
6 0.834391 0.672332 0.171583 0.275032 0.74543
21 0.408641 0.76049 0.023442 0.0710651 0.732842
29 0.668193 0.75404 0.021176 0.0693444 0.721315
29 0.610332 0.751607 0.0206697 0.0722745 0.422132
40 0.485519 0.682667 0.0399882 0.0446742 0.36677
28 0.227584 0.80946 0.186382 0.200782 0.951884
9 0.510365 0.76014 0.0708909 0.0923453 0.9473
21 0.568548 0.757694 0.0357817 0.0758705 0.917127
10 0.847927 0.870587 0.302484 0.244646 0.808465
6 0.834391 0.672332 0.171583 0.275032 0.74543
21 0.408641 0.76049 0.023442 0.0710651 0.732842
29 0.668193 0.75404 0.021176 0.0693444 0.721315
29 0.610332 0.751607 0.0206697 0.0722745 0.422132
40 0.485519 0.682667 0.0399882 0.0446742 0.36677
28 0.227584 0.80946 0.186382 0.200782 0.951884
9 0.510365 0.76014 0.0708909 0.0923453 0.9473
21 0.568548 0.757694 0.0357817 0.0758705 0.917127
10 0.847927 0.870587 0.302484 0.244646 0.808465
6 0.834391 0.672332 0.171583 0.275032 0.74543
21 0.408641 0.76049 0.023442 0.0710651 0.732842
29 0.668193 0.75404 0.021176 0.0693444 0.721315
29 0.610332 0.751607 0.0206697 0.0722745 0.422132
40 0.485519 0.682667 0.0399882 0.0446742 0.36677
28 0.227584 0.80946 0.186382 0.200782 0.951884
9 0.510365 0.76014 0.0708909 0.0923453 0.9473
21 0.568548 0.757694 0.0357817 0.0758705 0.917127
10 0.847927 0.870587 0.302484 0.244646 0.808465
6 0.834391 0.672332 0.171583 0.275032 0.74543
21 0.408641 0.76049 0.023442 0.0710651 0.732842
29 0.668193 0.75404 0.021176 0.0693444 0.721315
29 0.610332 0.751607 0.0206697 0.0722745 0.422132
40 0.485519 0.682667 0.0399882 0.0446742 0.36677
28 0.227584 0.80946 0.186382 0.200782 0.951884
9 0.510365 0.76014 0.0708909 0.0923453 0.9473
21 0.568548 0.757694 0.0357817 0.0758705 0.917127
10 0.847927 0.870587 0.302484 0.244646 0.808465
6 0.834391 0.672332 0.171583 0.275032 0.74543
21 0.408641 0.76049 0.023442 0.0710651 0.732842
29 0.668193 0.75404 0.021176 0.0693444 0.721315
29 0.610332 0.751607 0.0206697 0.0722745 0.422132
40 0.485519 0.682667 0.0399882 0.0446742 0.36677
28 0.227584 0.80946 0.186382 0.200782 0.951884
9 0.510365 0.76014 0.0708909 0.0923453 0.9473
21 0.568548 0.757694 0.0357817 0.0758705 0.917127
10 0.847927 0.870587 0.302484 0.244646 0.808465
6 0.834391 0.672332 0.171583 0.275032 0.74543
21 0.408641 0.76049 0.023442 0.0710651 0.732842
29 0.668193 0.75404 0.021176 0.0693444 0.721315
29 0.610332 0.751607 0.0206697 0.0722745 0.422132
40 0.485519 0.682667 0.0399882 0.0446742 0.36677
28 0.227584 0.80946 0.186382 0.200782 0.951884
9 0.510365 0.76014 0.0708909 0.0923453 0.9473
21 0.568548 0.757694 0.0357817 0.0758705 0.917127
10 0.847927 0.870587 0.302484 0.244646 0.808465
6 0.834391 0.672332 0.171583 0.275032 0.74543
21 0.408641 0.76049 0.023442 0.0710651 0.732842
29 0.668193 0.75404 0.021176 0.0693444 0.721315
29 0.610332 0.751607 0.0206697 0.0722745 0.422132
40 0.485519 0.682667 0.0399882 0.0446742 0.36677
28 0.227584 0.80946 0.186382 0.200782 0.951884
9 0.510365 0.76014 0.0708909 0.0923453 0.9473
21 0.568548 0.757694 0.0357817 0.0758705 0.917127
10 0.847927 0.870587 0.302484 0.244646 0.808465
6 0.834391 0.672332 0.171583 0.275032 0.74543
21 0.408641 0.76049 0.023442 0.0710651 0.732842
29 0.668193 0.75404 0.021176 0.0693444 0.721315
29 0.610332 0.751607 0.0206697 0.0722745 0.422132
40 0.485519 0.682667 0.0399882 0.0446742 0.36677
28 0.227584 0.80946 0.186382 0.200782 0.951884
9 0.510365 0.76014 0.0708909 0.0923453 0.9473
21 0.568548 0.757694 0.0357817 0.0758705 0.917127
10 0.847927 0.870587 0.302484 0.244646 0.808465
6 0.834391 0.672332 0.171583 0.275032 0.74543
21 0.408641 0.76049 0.023442 0.0710651 0.732842
29 0.668193 0.75404 0.021176 0.0693444 0.721315
29 0.610332 0.751607 0.0206697 0.0722745 0.422132
40 0.485519 0.682667 0.0399882 0.0446742 0.36677
28 0.227584 0.80946 0.186382 0.200782 0.951884
9 0.510365 0.76014 0.0708909 0.0923453 0.9473
21 0.568548 0.757694 0.0357817 0.0758705 0.917127
10 0.847927 0.870587 0.302484 0.244646 0.808465
6 0.834391 0.672332 0.171583 0.275032 0.74543
21 0.408641 0.76049 0.023442 0.0710651 0.732842
29 0.668193 0.75404 0.021176 0.0693444 0.721315
29 0.610332 0.751607 0.0206697 0.0722745 0.422132
40 0.485519 0.682667 0.0399882 0.0446742 0.36677
28 0.227584 0.80946 0.186382 0.200782 0.951884
9 0.510365 0.76014 0.0708909 0.0923453 0.9473
21 0.568548 0.757694 0.0357817 0.0758705 0.917127
10 0.847927 0.870587 0.302484 0.244646 0.808465
6 0.834391 0.672332 0.171583 0.275032 0.74543
21 0.408641 0.76049 0.023442 0.0710651 0.732842
29 0.668193 0.75404 0.021176 0.0693444 0.721315
29 0.610332 0.751607 0.0206697 0.0722745 0.422132
40 0.485519 0.682667 0.0399882 0.0446742 0.36677
28 0.227584 0.80946 0.186382 0.200782 0.951884
9 0.510365 0.76014 0.0708909 0.0923453 0.9473
21 0.568548 0.757694 0.0357817 0.0758705 0.917127
10 0.847927 0.870587 0.302484 0.244646 0.808465
6 0.834391 0.672332 0.171583 0.275032 0.74543
21 0.408641 0.76049 0.023442 0.0710651 0.732842
29 0.668193 0.75404 0.021176 0.0693444 0.721315
29 0.610332 0.751607 0.0206697 0.0722745 0.422132
40 0.485519 0.682667 0.0399882 0.0446742 0.36677
28 0.227584 0.80946 0.186382 0.200782 0.951884
9 0.510365 0.76014 0.0708909 0.0923453 0.9473
21 0.568548 0.757694 0.0357817 0.0758705 0.917127
10 0.847927 0.870587 0.302484 0.244646 0.808465
6 0.834391 0.672332 0.171583 0.275032 0.74543
21 0.408641 0.76049 0.023442 0.0710651 0.732842
29 0.668193 0.75404 0.021176 0.0693444 0.721315
29 0.610332 0.751607 0.0206697 0.0722745 0.422132
40 0.485519 0.682667 0.0399882 0.0446742 0.36677
28 0.227584 0.80946 0.186382 0.200782 0.951884
9 0.510365 0.76014 0.0708909 0.0923453 0.9473
21 0.568548 0.757694 0.0357817 0.0758705 0.917127
10 0.847927 0.870587 0.302484 0.244646 0.808465
6 0.834391 0.672332 0.171583 0.275032 0.74543
21 0.408641 0.76049 0.023442 0.0710651 0.732842
29 0.668193 0.75404 0.021176 0.0693444 0.721315
29 0.610332 0.751607 0.0206697 0.0722745 0.422132
40 0.485519 0.682667 0.0399882 0.0446742 0.36677
28 0.227584 0.80946 0.186382 0.200782 0.951884
9 0.510365 0.76014 0.0708909 0.0923453 0.9473
21 0.568548 0.757694 0.0357817 0.0758705 0.917127
10 0.847927 0.870587 0.302484 0.244646 0.808465
6 0.834391 0.672332 0.171583 0.275032 0.74543
21 0.408641 0.76049 0.023442 0.0710651 0.732842
29 0.668193 0.75404 0.021176 0.0693444 0.721315
29 0.610332 0.751607 0.0206697 0.0722745 0.422132
40 0.485519 0.682667 0.0399882 0.0446742 0.36677
28 0.227584 0.80946 0.186382 0.200782 0.951884
9 0.510365 0.76014 0.0708909 0.0923453 0.9473
21 0.568548 0.757694 0.0357817 0.0758705 0.917127
10 0.847927 0.870587 0.302484 0.244646 0.808465
6 0.834391 0.672332 0.171583 0.275032 0.74543
21 0.408641 0.76049 0.023442 0.0710651 0.732842
29 0.668193 0.75404 0.021176 0.0693444 0.721315
29 0.610332 0.751607 0.0206697 0.0722745 0.422132
40 0.485519 0.682667 0.0399882 0.0446742 0.36677
28 0.229176 0.809249 0.189947 0.200745 0.954849
9 0.510457 0.760221 0.0709007 0.0925997 0.939799
21 0.56858 0.757605 0.0358801 0.0761531 0.914447
10 0.848028 0.870742 0.302554 0.245279 0.839974
29 0.667854 0.754804 0.0206564 0.0700623 0.737096
6 0.834288 0.672467 0.171786 0.275033 0.722103
21 0.408661 0.760638 0.0233209 0.0711004 0.696506
40 0.485514 0.682721 0.0398842 0.0447796 0.459566
29 0.610344 0.75161 0.0208757 0.072397 0.427851
28 0.229176 0.809249 0.189947 0.200745 0.954849
9 0.510457 0.760221 0.0709007 0.0925997 0.939799
21 0.56858 0.757605 0.0358801 0.0761531 0.914447
10 0.848028 0.870742 0.302554 0.245279 0.839974
29 0.667854 0.754804 0.0206564 0.0700623 0.737096
6 0.834288 0.672467 0.171786 0.275033 0.722103
21 0.408661 0.760638 0.0233209 0.0711004 0.696506
40 0.485514 0.682721 0.0398842 0.0447796 0.459566
29 0.610344 0.75161 0.0208757 0.072397 0.427851
28 0.229176 0.809249 0.189947 0.200745 0.954849
9 0.510457 0.760221 0.0709007 0.0925997 0.939799
21 0.56858 0.757605 0.0358801 0.0761531 0.914447
10 0.848028 0.870742 0.302554 0.245279 0.839974
29 0.667854 0.754804 0.0206564 0.0700623 0.737096
6 0.834288 0.672467 0.171786 0.275033 0.722103
21 0.408661 0.760638 0.0233209 0.0711004 0.696506
40 0.485514 0.682721 0.0398842 0.0447796 0.459566
29 0.610344 0.75161 0.0208757 0.072397 0.427851
28 0.229176 0.809249 0.189947 0.200745 0.954849
9 0.510457 0.760221 0.0709007 0.0925997 0.939799
21 0.56858 0.757605 0.0358801 0.0761531 0.914447
10 0.848028 0.870742 0.302554 0.245279 0.839974
29 0.667854 0.754804 0.0206564 0.0700623 0.737096
6 0.834288 0.672467 0.171786 0.275033 0.722103
21 0.408661 0.760638 0.0233209 0.0711004 0.696506
40 0.485514 0.682721 0.0398842 0.0447796 0.459566
29 0.610344 0.75161 0.0208757 0.072397 0.427851
28 0.229176 0.809249 0.189947 0.200745 0.954849
9 0.510457 0.760221 0.0709007 0.0925997 0.939799
21 0.56858 0.757605 0.0358801 0.0761531 0.914447
10 0.848028 0.870742 0.302554 0.245279 0.839974
29 0.667854 0.754804 0.0206564 0.0700623 0.737096
6 0.834288 0.672467 0.171786 0.275033 0.722103
21 0.408661 0.760638 0.0233209 0.0711004 0.696506
40 0.485514 0.682721 0.0398842 0.0447796 0.459566
29 0.610344 0.75161 0.0208757 0.072397 0.427851
