2 0.311873 0.467242 0.533313 0.237149 0.976007
4 0.798092 0.407851 0.217692 0.126067 0.948831
4 0.948566 0.451076 0.0996805 0.0967062 0.939301
3 0.676552 0.419897 0.0510318 0.217558 0.90792
6 0.940671 0.369075 0.0582313 0.0718508 0.89768
6 0.976476 0.363992 0.0458028 0.0797001 0.86563
6 0.94877 0.376649 0.076291 0.0876168 0.321926
2 0.311873 0.467242 0.533313 0.237149 0.976007
4 0.798092 0.407851 0.217692 0.126067 0.948831
4 0.948566 0.451076 0.0996805 0.0967062 0.939301
3 0.676552 0.419897 0.0510318 0.217558 0.90792
6 0.940671 0.369075 0.0582313 0.0718508 0.89768
6 0.976476 0.363992 0.0458028 0.0797001 0.86563
6 0.94877 0.376649 0.076291 0.0876168 0.321926
2 0.311873 0.467242 0.533313 0.237149 0.976007
4 0.798092 0.407851 0.217692 0.126067 0.948831
4 0.948566 0.451076 0.0996805 0.0967062 0.939301
3 0.676552 0.419897 0.0510318 0.217558 0.90792
6 0.940671 0.369075 0.0582313 0.0718508 0.89768
6 0.976476 0.363992 0.0458028 0.0797001 0.86563
6 0.94877 0.376649 0.076291 0.0876168 0.321926
